valides par t (brut, sec-up): [70 69 70 70 61 71 66 68 58 57 72 66 57 71 66 59 59 71 72 67 68 65 53 60
 46 47 46 31 31 32 25 25 24 28 24 20 21 27 30 32 25 27 37 34 31 24 26 26
 23 28 21 22 20 25 22 23 21 24 26 20 21 19 24 23 22 22 19 32 33 31 17 18
 23 23 20 19 27 31 30 25 26 47 32 50 37 19 25 25 23 25 35 28 29 35 33 44
 54 58 65 50]
valides par t (lisse, sec-up): [60 49 49 48 48 48 47 47 47 47 47 47 47 47 47 47 47 47 47 47 44 41 40 38
 21 18 18 13 12 12 12 11 10 10 10 10 10 10 10 10 10 10 10 10 10 10 10 10
 10 10 10 10 10 10 10 10 10 10 10 10 10 10 10 10 10 10 10 10 10 10 10 10
 10 10 10 10 10 10 10 10 10 10 10 10 10 10 10 10 10 10 10 10 10 10 10 10
 10 10 10 10]
def smooth_t(fld, win=8):
    return uniform_filter1d(fld, size=win, axis=1, mode='nearest')

t=  0  n_up=   59  n_dn=   27  wmax=11.92  wmin=-3.06
t=  5  n_up=  119  n_dn=   92  wmax=14.23  wmin=-3.46
t= 10  n_up=  240  n_dn=  294  wmax=13.87  wmin=-3.00
t= 15  n_up=   53  n_dn=   42  wmax=10.67  wmin=-2.31
t= 20  n_up=  158  n_dn=  234  wmax=9.40  wmin=-2.61
t= 25  n_up=    9  n_dn=    8  wmax=1.28  wmin=-0.64
t= 30  n_up=    0  n_dn=    0  wmax=0.25  wmin=-0.25
t= 35  n_up=    0  n_dn=    0  wmax=0.17  wmin=-0.18
t= 40  n_up=    0  n_dn=    0  wmax=0.22  wmin=-0.25
t= 45  n_up=    0  n_dn=    0  wmax=0.20  wmin=-0.24
t= 50  n_up=    0  n_dn=    0  wmax=0.21  wmin=-0.27
t= 55  n_up=    0  n_dn=    0  wmax=0.19  wmin=-0.23
...
t= 90  n_up=    0  n_dn=    0  wmax=0.29  wmin=-0.33
t= 95  n_up=    1  n_dn=    0  wmax=0.57  wmin=-0.39
[ 0  1  2  3  4  5  6  7  8  9 10 11 12 13 14 15 16 17 18 19 20 21 22 23
 24 25 26 27 28 29]
